image: usine_v2.pgm
resolution: 0.025000
origin: [-23.485628, -15.833739, 0.000000]
negate: 0
occupied_thresh: 0.65
free_thresh: 0.196
